0
0
0
0
0
0
0
0
0
0
0
0
0
0
0
0
0.00021263
0.00021263
0.00021263
0.00021263
0.00021263
0.00021263
0.00021263
0.00021263
0.00021263
0.00021263
0.00021263
0.00021263
0.00042526
1.6058
4.8397
11.832
12.208
18.467
24.116
34.327
51.521
65.868
77.862
101.55
125.8
125.8
125.8
125.8
125.8
125.8
125.8
125.8
125.8
125.8
125.8
125.8
125.8
125.8
125.8
125.8
125.8
125.8
125.8
125.8
125.8
125.8
125.8
125.8
125.8
125.8
125.8
125.8
125.8
125.8
125.8
125.8
125.8
125.8
125.8
125.8
125.8
125.8
125.8
125.8
125.8
110.97
94.898
78.55
62.498
48.841
40.188
32.769
25.616
18.403
12.456
11.551
10.714
9.8469
8.9552
8.1047
7.2253
6.3418
5.4583
4.6201
3.7335
2.8964
1.9974
1.1273
0.26342
0.26342
0.26342
0.26342
0.26342
0.26342
0.26342
0.7482
0.7482
0.7482
0.7482
0.7482
0.7482
0.7482
0.7482
0.7482
0.7482
0.7482
0.7482
1.5859
4.3628
4.3628
4.6336
4.6336
4.8058
26.414
29.601
32.206
44.311
54.716
63.771
88.01
112.25
136.49
160.73
183.6
198.04
199.94
200
200
200
200
200
200
200
200
200
200
200
200
200
200
200
200
200
200
200
200
200
200
200
200
200
200
200
198.7
196.72
194.97
189.79
179.89
167.47
153.63
138.63
122.45
105.63
88.159
75.66
64.013
53.208
43.553
34.168
24.835
16.253
8.6441
2.8211
1.8665
0.94177
0.94177
0.94177
0.94177
0.94177
0.94177
0.94177
0.94177
0.94177
0.94177
0.94177
0.94177
0.94177
0.94177
0.94177
0.94177
0.94177
0.94177
0.94177
0.94177
0.94177
0.94177
0.94177
0.94177
0.94177
0.94177
0.94177
0.94177
0.94177
1.9113
3.8505
3.5973
3.6989
3.9259
5.7511
28.239
40.614
57.245
78.634
100.76
122.89
145.02
167.15
183.63
184.68
184.71
186.82
188.93
191.04
192.91
194.94
196.66
198.77
199.96
200
200
200
200
200
200
200
200
200
200
200
200
200
200
200
200
200
200
200
200
200
200
200
199.39
195.18
188.92
180.87
170.59
157.46
142.88
127.34
110.89
94.953
79.277
68.267
58.208
48.213
38.534
29.12
21.326
14.029
7.8935
5.8388
4.628
3.7796
2.9962
2.1632
1.2601
0.39723
0.39723
0.39723
0.39723
0.39723
0.39723
0.39723
0.39723
0.39723
0.39723
0.39723
0.39723
0.39723
0.39723
0.39723
0.39723
0.39723
0.88202
0.88202
0.88202
0.88202
0.88202
0.88202
0.88202
2.1842
2.0286
2.487
3.5101
5.1265
25.858
37.179
56.242
75.808
99.325
121.45
143.58
165.63
181.2
184.6
184.83
186.94
189.05
191.16
192.91
195.02
197.13
199.24
199.98
200
200
200
200
200
200
200
200
200
200
200
200
200
200
200
200
200
200
200
200
200
200
197.41
192.77
187.03
180.37
171.37
161.44
150.61
137.6
122.23
106.23
91.093
80.264
69.93
59.741
49.99
40.301
30.487
22.553
15.403
8.0758
5.5663
3.8515
2.97
2.1381
1.2875
0.41332
0.41332
0.41332
0.41332
0.41332
0.41332
0.41332
0.41332
0.41332
0.41332
0.41332
0.41332
0.41332
0.41332
0.41332
0.41332
0.41332
0.41332
0.41332
0.41332
0.41332
0.41332
0.41332
0.41332
1.3829
3.322
8.8147
18.363
18.684
19.49
24.721
31.924
45.708
67.282
89.411
111.54
133.67
156.04
177.73
184.68
185.63
187.75
189.86
191.97
194.08
196.19
197.96
199.94
200
200
200
200
200
200
200
200
200
200
200
200
200
200
200
200
200
200
200
200
200
200
200
200
196.95
194.31
189.05
180.82
169.87
157.64
143.14
126.98
110.68
95.576
80.361
67.309
57.087
47.108
37.167
29.112
21.848
14.431
9.7193
7.7471
5.7956
4.9432
4.102
3.3558
2.5372
1.7269
0.8774
0.8774
0.8774
0.8774
0.8774
0.8774
0.8774
0.8774
0.8774
0.8774
0.8774
0.8774
0.8774
0.8774
0.8774
0.8774
0.8774
0.8774
0.8774
0.8774
0.8774
0.8774
0.8774
0.8774
1.6399
2.1136
4.4913
10.093
33.001
47.505
68.757
92.64
116.88
141.12
165.16
186.61
197.48
199.92
200
200
200
200
200
200
200
200
200
200
200
200
200
200
200
200
200
200
200
200
200
200
200
200
200
200
200
200
200
200
200
200
200
200
198.62
192.98
183.91
172.2
158.06
142.67
127.24
111.77
96.746
82.032
68.221
55.682
46.261
39.068
31.738
24.687
17.702
12.429
10.686
9.8583
9.0655
8.2511
7.4088
6.5665
5.7459
4.9201
4.081
3.215
2.3727
1.5439
0.69437
0.69437
0.69437
0.69437
0.69437
0.69437
0.69437
0.69437
0.69437
0.69437
0.69437
0.69437
0.69437
0.69437
0.69437
0.69437
0.69437
0.69437
2.1352
2.7821
3.3352
11.151
34.958
39.99
40.572
41.459
41.9
45.555
57.485
71.848
71.848
71.848
71.848
71.848
71.848
71.848
71.848
71.848
71.848
71.848
71.848
71.848
71.848
71.848
71.848
71.848
71.848
71.848
71.848
71.848
71.848
71.848
71.848
71.848
71.848
71.848
71.848
71.848
71.848
71.848
71.848
71.848
71.848
71.848
71.848
71.848
71.848
71.887
71.887
71.887
57.403
42.62
29.607
20.914
16.305
14.468
12.627
10.732
9.1929
8.4114
7.5764
6.7599
5.9042
5.0815
4.2599
3.4362
