0
0
0
0
0
0
0
0
0
0
0
0
0
0
0
0
0
0
0
0
0
0
0
0
0
0
0
0
0
0
0
0
0
0
0
0
0
0
0
0
0
0
0
0
0
0
0
0
0
0
0
0
0
0
0
0
0
0
0
0
0
0
0
0
0
0
0
0
0
0
0
0
0
0
0
0
0
0
0
0
14.381
15.594
15.858
15.571
14.8
14.63
14.07
13.635
11.989
8.639
9.2199
9.2686
7.6042
6.9102
6.2223
5.8255
2.8997
0.97772
0.82013
0.86042
0.81202
0.872
0.844
0
0
0
0
0
0
0
0
0
0
0
0
0
0
0
0
0
0
0
0
0
0.58398
0.52606
0.20818
0.011956
0
0
0
0
0
0
0
0
0
0
0
0
0
0
0
0
0
0
0
0
0
0
0
0
0
0
0
0
0
0
0
0
0
0
0
0
0
0
0
0
0
0
0.78958
4.944
9.593
12.049
13.419
15.18
17.112
0
0
0
0
15.069
13.219
9.3277
9.0662
9.5938
9.575
7.6024
6.4054
2.0856
1.0002
0
0
0
0
0
0
0
0
0
0
0
0
0
0
0
0
0
0
0
0
0
0
0
0
0
0
0
0
0
1.5028
0.63804
0.037708
0
0
0
0
0
0
0
0
0
0
0
0
0
0
0
0
0
0
0
0
0
0
0
0
0
0
0
0
0
0
0
0
0
0
0
0
0
0
0
0
0
0
0
0.39663
4.08
6.067
7.809
9.966
12.745
14.137
0
0
0
0
14.54
14.345
14.283
10.683
9.2075
9.3185
9.0478
7.1974
7.2409
1.9673
0.88767
0.79124
0.80823
0.87601
0.837
0
0
0
0
0
0
0
0
0
0
0
0
0
0
0
0
0
0
0
0
0
0
0
0
1.4673
0.43352
0.14555
0.60412
0
0
0
0
0
0
0
0.010631
0
0
0
0
0
0
0
0
0
0
0
0
0
0
0
0
0
0
0
0
0
0
0
0
0
0
0
0
0
0
0
0
0
0.81734
4.396
5.483
6.455
8.728
9.626
10.507
12.619
14.905
15.541
14.881
10.505
0
0
0
0
9.9887
9.3508
7.6862
7.1513
3.9622
1.6716
0.9032
0.80985
0
0
0
0
0
0
0
0
0
0
0
0
0
0
0
0
0
0
0
0
0
0
0
0
0
0
0
0
0
0
0
0
0
0
0
0
0
0
0
0
0
0
0
0
0
0
0
0
0
0
0
0
0
0
0
0
0
0
0
0
0
0
0
0
0
0
0
0
0
0
0
0
0
2.956
2.5445
5.103
7.974
10.625
11.854
14.065
0
0
0
0
14.191
14.025
13.57
12.432
9.5478
9.2257
8.182
6.8864
7.0945
1.1513
0.82817
0.81725
0.75182
0.794
0.786
0
0
0
0
0
0
0
0
0
0
0
0
0
0
0
0
0
0
0
0
0
0
0
0
0
0
0
0
0
0
0
0
0
0
0
0
0
0
0
0
0
0
0
0
0
0
0
0
0
0
0
0
0
0
0
0
0
0
0
0
0
0
0
0
0
0
0
0
0
0
0
0
0.53713
5.307
8.789
11.365
13.717
14.92
14.974
14.999
14.577
0
0
0
0
13.051
10.761
7.0548
6.7888
6.9778
4.0683
1.3953
0.80401
0.79207
0.81712
0.81701
0.796
0.801
0.814
0.84
0.817
0
0
0
0
0
0
0
0
0
0
0
0
0
0
0
0
0
0
0
0
0
0
0
0
0
0
0
0
0
0
0
0
0
0
0
0
0
0
0
0
0
0
0
0
0
0
0
0
0
0
0
0
0
0
0
0
0
0
0
0
0
0
0
0
0
0
0
0
0
0
0
14.049
14.34
15.149
15.312
14.21
7.378
7.22
1.838
0.809
0
0
0
11.073
1.7831
0.85522
0
