13.487
13.149
12.677
12.913
12.849
12.919
13.425
12.773
13.258
12.913
12.792
13.103
12.314
13.058
13.567
12.324
13.201
12.656
12.961
12.578
12.789
13.369
13.264
12.903
12.951
12.49
12.671
13.081
14.093
11.921
3.4006
4.768
14.505
0
0
0
0
0
0
0
18.001
16.532
16.587
17.085
18.207
18.598
18.174
16.999
17.012
17.919
15.902
15.42
15.543
16.712
16.116
16.59
17.958
17.121
15.675
15.129
15.726
15.267
15.055
15.927
16.835
16.022
15.375
15.704
15.833
15.691
15.212
14.762
14.446
14.138
13.919
14.397
7.622
9.654
11.025
12.222
0
0
0.11246
0.32246
0.41246
0.30246
0.41246
0.11246
2.063
4.457
4.7801
4.7094
5.7008
6.8328
7.2467
7.6775
11.104
12.41
12.189
12.075
12.099
12.095
11.949
12.752
12.29
12.608
12.788
12.541
13.046
13.009
13.401
12.787
13.417
12.568
12.709
12.755
12.809
12.626
12.735
12.887
12.262
12.66
13.838
14.815
13.025
7.4339
5.9478
3.896
0
0
0.10088
0
0
0
0
0
0
0
0
0
0
0
0.85
0.86
0
0
0
0
0
0
0
0
0
18.782
18.222
18.923
20.258
19.508
18.034
17.379
17.705
20.05
19.834
18.165
0
0
0
0
0
0
0
0
0
0
0
0
0
16.51
17.451
17.108
16.498
0.51246
1.251
4.7763
4.9868
4.9092
4.79
6.5506
7.4106
11.609
12.03
13.373
13.777
13.249
13.215
13.365
13.059
12.852
12.886
13.376
13.003
12.882
12.056
13.004
13.64
13.431
13.008
12.959
13.248
13.027
13.179
12.978
13.178
13.086
12.74
12.78
12.919
13.553
15.193
14.328
12.024
6.367
3.2833
6.5399
8.9625
0
0
0
0
0
0
0
0
0
0
0
0
0
0
0
0
0
0
0
0
0
0
0
0
19.776
18.144
17.355
17.891
18.783
18.256
18.08
18.458
18.594
18.078
19.572
18.272
18.032
17.038
17.418
0
0
0
0
0
0
0
0
0
15.075
16.055
15.685
15.508
0.21246
0.22246
0.0024649
3.3056
4.5335
4.5855
4.5752
6.2236
6.0761
10.914
12.14
12.233
12.138
12.085
11.841
12.558
12.711
12.51
12.62
12.918
12.492
12.892
12.699
12.558
12.743
13.093
12.716
12.602
12.738
12.544
12.485
13.332
12.979
12.932
12.593
12.369
13.641
15.437
15.67
12.543
7.0335
3.1805
4.7604
8.5317
0
0
0
0
0
0
0.80937
0
0
0
0
0
0
0
0
0
0
0
0
0
0
0
0
0
0
0
0
0
17.705
17.479
17.875
18.149
17.994
18.948
18.336
0
0
0
0
0
0
0
0
0
0
0
0
0
0
0
0.66869
5
14.934
14.673
14.168
13.989
4.2303
4.4722
5.8398
6.4487
9.7078
11.67
12.422
12.676
13.213
12.913
13.187
12.98
12.777
12.515
12.529
12.433
12.87
12.887
12.579
13.002
13.192
12.78
12.924
13.379
12.993
12.621
13.168
13.374
13.142
13.175
12.815
12.646
14.392
15.075
16.794
13.796
7.695
4.579
6.8146
3.445
0.42003
0
0
0
0
0
0
0
0
0
0
0
0
0
0
0
0
0
0
0
0
0
0
0
19.299
18.55
18.142
18.363
18.34
18.407
17.733
16.869
17.11
17.108
16.941
0
0
0
0
0
0
0
0
0
0
0
0
0
15.675
15.811
14.654
14.758
0
0
0
1.2107
3.8352
3.9003
5.189
5.7286
5.9465
12.19
12.093
12.239
11.617
11.954
11.809
12.725
12.478
12.603
12.809
12.327
12.407
12.685
12.355
12.213
12.589
12.411
12.487
12.797
12.682
12.782
12.348
12.557
12.101
12.922
12.543
11.97
12.246
11.344
10.013
10.57
4.03
0
0
0
0
0
0
0
0
0
0
0
0
0
0
0
0
0
0
0
0
0
0
0
0
0
0
0
0
0
0
0
15.738
15.205
14.481
14.56
14.914
14.666
14.652
15.121
15.206
15.709
15.566
0
0
0
0.44287
0
0
0
0
0
0
0
0
0
14.273
13.396
13.274
13.105
0
2.282
5.6472
5.9302
5.8592
8.5707
11.9
13.153
12.115
11.741
11.779
11.705
11.909
12.106
12.089
11.551
12.469
12.268
12.248
12.353
12.29
12.64
12.947
13.3
12.785
12.12
12.683
12.781
13.024
12.778
12.573
12.287
12.372
10.892
8.715
5.682
6.058
1.224
0
0
0
5.735
4.323
5.114
0
0
0
17.487
16.959
16.784
17.077
18.841
18.133
17.259
18.095
17.724
16.784
15.588
14.932
14.748
14.027
16.584
17.227
16.077
15.151
15.275
14.803
15.507
15.822
14.807
14.627
14.675
14.62
14.661
15.257
15.527
15.472
15.159
14.664
14.022
14.33
14.013
14.184
8.588
7.556
11.837
13.996
0
0
0
0
0.67558
6.467
6.733
11.583
12.298
12.774
12.972
12.888
1.9075
11.235
12.086
12.744
