-0.13254
-0.13146
-0.13037
-0.12543
-0.12388
-0.13005
-0.12329
-0.12167
-0.12055
-0.12487
-0.12444
-0.12343
-0.11958
-0.12316
-0.11872
-0.11334
-0.12245
-0.1192
-0.11652
-0.11977
-0.12193
-0.1316
-0.12847
-0.1326
-0.13308
-0.12744
-0.12744
-0.13058
-0.12792
-0.089079
-0.037466
-0.037961
-0.019324
0
0
0
0.0011176
0.028176
0.022503
0.00018482
0.29844
0.25712
0.30275
0.29264
0.36501
0.33129
0.344
0.33459
0.39544
0.38325
0.39094
0.38082
0.36391
0.38483
0.40282
0.37136
0.29838
0.29105
0.31218
0.34682
0.25622
0.24388
0.26236
0.2616
0.14638
0.13719
0.15054
0.15174
0.048591
0.048965
0.051504
0.052178
-0.016018
-0.017997
-0.015379
-0.015169
-0.052702
-0.061618
-0.069135
-0.08596
0
0
0
0
0
0
0
0
0
0
0
0
0
0
0
0
0
0
0
0
0
0
-0.11023
-0.10944
-0.10827
-0.11262
-0.11354
-0.10985
-0.11244
-0.11005
-0.11828
-0.11151
-0.11343
-0.1129
-0.11025
-0.11543
-0.13541
-0.13785
-0.138
-0.14013
-0.13633
-0.14098
-0.12903
-0.1132
0
0
-0.11736
-0.11384
-0.38262
0.036378
0.044385
0.014915
0.15407
0.16287
0.20119
0.33736
0.40335
0.43879
0.43976
0.44769
0.50512
0.51993
0.52941
0.488
0.58206
0.59282
0.57638
0.58792
0.55287
0.65917
0.61181
0.729
0.57588
0.48069
0.46501
0.50842
0.43019
0.38963
0.37167
0.39857
0.36852
0.30361
0.17322
0.1473
0.0090044
0.0043387
0.003446
0.014814
-0.13584
-0.12747
0
0
0
0
0
0
0
-0.42172
-0.39999
-0.23448
0.017338
0
0
0
0
0
0
0
0
0
0
-0.16322
-0.13946
-0.13652
-0.14272
-0.14117
-0.12485
-0.12599
-0.13239
-0.13011
-0.12669
-0.12599
-0.12208
-0.12824
-0.12489
-0.12197
-0.12558
-0.11975
-0.11044
-0.11094
-0.1157
-0.11019
-0.11821
-0.12359
-0.1316
-0.12582
-0.13541
-0.13387
-0.1261
-0.11567
0
-0.014574
-0.091985
-0.024747
-0.43082
0
0
0
0.09158
0.090169
0.12357
0.049197
0.22937
0.35349
0.36837
0.35305
0.4513
0.46469
0.51284
0.51287
0.52577
0.54261
0.52772
0.48966
0.48204
0.47816
0.48081
0.53205
0.40712
0.45003
0.56139
0.63375
0.56346
0.47747
0.35572
0.39082
0.41387
0.36229
0.37439
0.32542
0.20308
0.17187
0.13366
0.084096
-0.094416
-0.1032
-0.094167
0
0
0
0
0
0
-0.33336
-0.31718
-0.19954
0.042021
0
0
0
0
0
0
0
0
0
0
0
0
0
0
0
-0.095145
-0.099379
-0.098791
-0.10361
-0.10176
-0.10103
-0.10404
-0.099228
-0.10359
-0.10809
-0.10006
-0.10103
-0.10042
-0.10405
-0.10345
-0.0963
-0.1031
-0.11108
-0.11723
-0.1117
-0.12745
-0.13008
-0.12302
-0.11854
-0.10253
0
0
0
-0.3375
0
0
0
0.012361
0.0048402
0.000481
0.04829
0.16253
0.28422
0.28663
0.28485
0.416
0.41148
0.38464
0.34842
0.37087
0.40318
0.35175
0.383
0.38321
0.45211
0.41498
0.49582
0.47138
0.43256
0.41979
0.42233
0.35909
0.52421
0.33695
0.34354
0.39599
0.21644
0.12254
0.024319
0.0065691
-0.0094374
-0.0089347
0.0075777
-0.11153
-0.10981
0
0
0
0
0
0
0
0
0
0
0
-0.19552
-0.20751
-0.19696
0.091448
0
0
0
0
0
0
0
0
-0.12332
-0.12675
-0.12451
-0.11866
-0.12175
-0.12261
-0.11846
-0.11426
-0.11778
-0.12145
-0.11299
-0.11612
-0.11853
-0.12462
-0.11881
-0.112
-0.11401
-0.11374
-0.11321
-0.12095
-0.12208
-0.11617
-0.11856
-0.12244
-0.12573
-0.11117
-0.10439
-0.088056
-0.060991
-0.12609
-0.066931
0
-0.023657
0
0
0.11104
0.066398
0.039909
0.060592
0.27299
0.19903
0.36758
0.34196
0.46102
0.47113
0.47426
0.43128
0.45425
0.40068
0.58878
0.56072
0.52728
0.49599
0.53525
0.55699
0.4262
0.40934
0.42063
0.49518
0.40939
0.36044
0.34703
0.29619
0.27713
0.21001
0.17785
0.17645
0.0092796
0.021952
0.020396
-0.0039421
-0.091668
-0.089921
0
0
0
0
0
0
0
-0.34024
-0.2625
-0.18871
0.049057
0
0
0
0
0
0
0
0
0
0
0
0
0
0
0
-0.12833
-0.1207
-0.12506
-0.12443
-0.12025
-0.11742
-0.11712
-0.1201
-0.11701
-0.10979
-0.1081
-0.11489
-0.11563
-0.11053
-0.11506
-0.11591
-0.12202
-0.11626
-0.11904
-0.12172
-0.1214
-0.1172
-0.11946
-0.099514
-0.077067
-0.031201
0
0
0
0
0
0
0.011035
0.022017
0.01607
0
0.15555
0.25961
0.22031
0.22793
0.16439
0.25879
0.34071
0.14655
0.30418
0.35081
0.3021
0.35471
0.31552
0.31725
0.29826
0.27652
0.24035
0.25328
0.24866
0.22536
0.18566
0.19408
0.15584
0.21577
0.24728
0.21777
0.17743
0.16263
0.14074
0.11276
0.06069
0.049479
-0.039011
-0.04125
-0.037265
-0.0063498
0
0
0
0
0
0
0
0
0
-0.13163
-0.1276
-0.13533
0.11781
0
0
0
0
0
0
0
0
0
0
0
0
0
0
0
0
-0.11128
-0.11405
-0.11018
-0.10929
-0.10982
-0.11036
-0.10728
-0.10472
-0.10498
-0.10979
-0.10288
-0.1085
-0.11563
-0.11642
-0.11352
-0.11719
-0.11272
-0.10466
-0.08079
-0.11504
-0.051603
-0.0073034
0
0
0
-0.021418
-0.017411
-0.046164
0.026949
0.047442
0.00067167
0.23386
0.24763
0.3643
0.29371
0.25437
0.35213
0.33317
0.26241
0.36642
0.26085
0.34538
0.412
0.23105
0.43349
0.39207
0.31822
0.34373
0.25166
0.27969
0.28606
0.27466
0.2007
0.21143
0.23349
0.14537
0.14065
0.13646
0.13886
0.047299
0.044462
0.030792
0.049493
-0.034584
-0.031023
-0.033742
-0.034259
-0.063578
-0.040698
-0.07409
-0.09369
0
0
0
0
0
0
0
0
0
-0.12155
-0.12989
-0.127
0
0
0
0
