0
0
0
0
0
0
0
0
0
0
0
0
0
0
0
0.45393
0
0
0
0
0
0
0
0
0
0
0
0.5
2.2533
5.036
12.528
10.921
1.03
15.463
16.472
16.694
16.541
16.812
17.726
16.697
0
0
0
0
0
0
0
0
0
0
0
0
0
0
0
0
0
0
0
0
0
0
0
0
0
0
0
0
0
0
0
0
0
0
0
0
6.793
5.55
4.05
2
0.5
0
0
0
0
0
0
0
0
0.5
0
0
0
0
0
0
0
0
0
0
0
0
0
0
0
0
0
0
0
0
0
0
0
0
0
0
0
0
0
0
0
0
0.864
2.864
6.05
11.05
13.393
15.372
19.431
19.466
20.378
21.613
21.245
20.138
21.183
23.292
23.188
21.861
22.316
22.735
21.986
21.67
22.108
20.62
22.019
20.884
20.384
20.254
20.155
21.394
19.963
19.304
19.281
0
0
0
0
0
0
0
0
0
0
0
18.528
18.513
17.831
18.888
20.142
19.775
17.749
13.8
9.114
5.886
3.221
2
1
0.679
0
0
0
0
0.5
0
0
0
0
0
0
0
0
0
0
0
0
0
0
0
0
0
0
0
0.5
0
0
0
0
0
0
0
0
0
0
0
0
0
0
0
1
2
5.7
11.672
16.949
21.755
19.072
27.383
27.359
27.227
26.474
26.236
29.012
29.215
28.085
28.412
29.239
27.376
26.248
26.62
26.383
25.191
24.033
24.393
25.846
23.24
24.06
25.007
22.94
22.801
23.773
0
0
0
0
0
0
0
0
0
0
0
0
0
0
0
17.355
17.542
16.586
11.949
10.365
8.235
5.179
3.679
1.5
0.714
0
0
0
0
0
0
0
0
0
0
0
0
0
0
0.5
0
0
0
0
0
0
0
0
0
0
0
0
0
0
0
0
0
0
0
0
0
0
0
0
0
0
1.343
4.343
11.4
16.6
18.873
19.941
27.079
24.727
28.053
28.506
28.351
25.965
25.793
27.852
28.548
28.523
25.025
24.553
26.262
28.475
27.571
26.054
27.913
27.717
27.015
24.845
26.833
24.477
22.97
23.722
21.878
20.866
18.236
18.03
0
0
0
0
0
0
0
19.469
19.484
17.901
17.809
17.793
18.005
13.1
12.4
10.379
8.449
6.672
5.721
3.221
1
0.5
0
0
0
0
0
0
0
0
0
0
0
0
0
0
0
0
0
0.5
0
0
0
0
0
0
0
0
0
0
0
0
0
0
0
0
0
0
0
0
0
1
2
5.665
10.7
16.121
18.867
27.294
28.879
29.092
27.939
28.086
28.613
27.565
24.939
24.99
26.484
26.967
25.573
25.814
25.206
27.552
26.032
25.359
23.704
24.405
24.203
23.095
21.079
21.08
20.188
21.014
0
0
0
0
0
0
0
0
0
0
0
16.504
16.09
18.676
17.133
17.304
16.362
14.1
13.532
10.4
7.9
4.857
3.357
1.857
0.857
0
0
0
0
0
0
0
0
0
0
0
0
0
0
0
0.5
0
0
0
0
0
0
0
0
0
0
0
0
0
0
0
0
0
0
0
0.5
0
0
0
0
0.5
2.329
3.829
10.865
13.807
13.994
4.09
16.383
16.024
14.553
15.494
16.021
16.626
16.064
15.504
17.135
17.806
18.251
17.679
18.617
19.102
17.393
15.495
15.326
15.398
15.122
15.572
16.105
16.737
16.143
15.317
17.302
16.533
16.008
16.146
0
0
0
0
0
0
0
0
0
0
0
15.287
14.337
14.321
13.743
12.761
8.4
5.228
2.672
1
0
0
0
0
0
0
0
0
0
0
0
0
0
0.5
0
0
0
0
0
0
0
0
0
0
0
0
0
0
0
0
0
0
0
0.5
0
0
0
0
0
0
0
1
3.2
7.235
7.665
12.2
15.101
4.5
17.022
12.1
12.3
11.465
15.988
17.36
18.007
0
0
0
0
0
0
0
0
0
0
0
0
0
0
0
0
0
0
0
0
0
0
0
0
0
0
0
0
0
0
0
0
0
0
0
0
5.1917
6.0742
2.6963
0.31057
0.31183
0
0
0
0
0
0
0
0
0
0
0
0
0
0
0
