0
0
0
0
0
0
0
0
0
0
0
0
0
0
0
0
0
0
0
0
0
0
0
0
0
0
0
0
0
0
0
0
0
0
0
0
0
0
0
0
0
0
0
0
0
0
0
0
0
0
0
0
0
0
0
0
0
0
0
0
0
0
0
0
0
0
0
0
0
0
0
0
0
0
0
0
0
0
0
0
14.826
16.076
16.206
15.91
15.115
14.94
14.363
13.244
9.6562
8.5115
8.3642
7.8521
4.2177
0
0
0
0
0
0
0
0
0
0
0
0
0
0
0
0
0
0
0
0
0
0
0
0
0
0
0
0
0
0
0
0.60204
0.54233
0.55141
0.012325
0
0
0
0
0
0
0
0
0
0
0
0
0
0
0
0
0
0
0
0
0
0
0
0
0
0
0
0
0
0
0
0
0
0
0
0
0
0
0
0
0
0
0.814
5.0969
9.8897
12.422
13.834
15.007
16.172
0
0
0
0
15.393
14.313
11.17
9.4384
9.8959
9.8715
7.8284
6.5971
2.1134
1.029
0
0
0
0
0
0
0
0
0
0
0
0
0
0
0
0
0
0
0
0
0
0
0
0
0
0
0
0
0
1.5493
0.63804
0.037708
0
0
0
0
0
0
0
0
0
0
0
0
0
0
0
0
0
0
0
0
0
0
0
0
0
0
0
0
0
0
0
0
0
0
0
0
0
0
0
0
0
0
0
0.40889
4.2062
6.2546
8.0505
10.274
13.139
14.574
0
0
0
0
14.847
14.646
14.582
10.974
9.4899
9.6066
9.2667
7.4164
7.4646
1.9943
0.91313
0.81559
0.83322
0.90311
0.86289
0
0
0
0
0
0
0
0
0
0
0
0
0
0
0
0
0
0
0
0
0
0
0
0
1.5127
0.44311
0.14983
0.62279
0
0
0
0
0
0
0
0.010631
0
0
0
0
0
0
0
0
0
0
0
0
0
0
0
0
0
0
0
0
0
0
0
0
0
0
0
0
0
0
0
0
0
0.84262
4.532
5.6526
6.6546
8.9979
9.9237
10.832
13.009
15.366
16.022
15.211
10.83
0
0
0
0
10.283
9.6391
7.9007
7.3711
4.0244
1.6981
0.92965
0.83481
0
0
0
0
0
0
0
0
0
0
0
0
0
0
0
0
0
0
0
0
0
0
0
0
0
0
0
0
0
0
0
0
0
0
0
0
0
0
0
0
0
0
0
0
0
0
0
0
0
0
0
0
0
0
0
0
0
0
0
0
0
0
0
0
0
0
0
0
0
0
0
0
0
3.0474
2.6232
5.2608
8.2206
10.954
12.221
14.5
0
0
0
0
14.63
14.459
13.99
12.73
9.838
9.5108
8.4045
7.0976
7.3447
1.7317
0.88598
0.84443
0.77519
0.81857
0.81031
0
0
0
0
0
0
0
0
0
0
0
0
0
0
0
0
0
0
0
0
0
0
0
0
0
0
0
0
0
0
0
0
0
0
0
0
0
0
0
0
0
0
0
0
0
0
0
0
0
0
0
0
0
0
0
0
0
0
0
0
0
0
0
0
0
0
0
0
0
0
0
0
0.55374
5.4711
9.0608
11.716
14.141
15.381
15.437
15.463
15.028
0
0
0
0
13.455
10.981
7.2663
6.9983
7.1935
4.1237
1.4202
0.82779
0.8165
0.84239
0.84228
0.82062
0.82577
0.83918
0.86598
0.84227
0
0
0
0
0
0
0
0
0
0
0
0
0
0
0
0
0
0
0
0
0
0
0
0
0
0
0
0
0
0
0
0
0
0
0
0
0
0
0
0
0
0
0
0
0
0
0
0
0
0
0
0
0
0
0
0
0
0
0
0
0
0
0
0
0
0
0
0
0
0
0
12.45
5.181
0
0
0
0
0
0
0
0
0
0
11.29
5.5128
0.94005
0
