0
0
0
0
0
0
0
0
0
0
0
0
0
0
0
0
0
0
0
0
0
0
0
0
0
0
0
0
0
0
0
0
0
0
0
0
0
0
5.2276
14.729
0
0
0
0
0
0
0
0
0
0
0
0
0
0
0
0
0
0
0
0
0
0
0
0
0
0
0
0
0
0
0
0
0
0
0
0
0
0
0
0
0
0
0
0
0
0
0
0
0
0
0
0
0
0
0
0
0
0
0
0
0
0
0
0
0
0
0
0
0
0
0
0
0
0
0
0
0
0
0
0
0
0
0
0
0
0
0
0
0
0
0
0
0
0
17.742
25.326
25.588
33.664
35.545
41.992
63.698
71.304
72.338
75.819
75.77
76.705
79.874
79.504
79.603
77.395
80.04
78.458
77.526
91.307
93.345
91.345
87.845
85.365
82.4
77.865
74.035
69.5
64.6
59.135
35.837
30.187
24.969
18.412
10.793
4.39
1.2506
0
0
0
0
0
0
0
0
0
0
0
0
0
0
0
0
0
0
0
0
0
0
0
0
0
0
0
0
0
0
0
0
0
0
0
0
0
0
0
0
0
0
0
0
0
0
0
0
0
0
0
0
0
6.3218
0.25258
1.7754
3.4833
4.8971
7.6978
9.8491
14.91
22.193
27.389
39.926
56.185
62.257
64.935
60.867
65.559
61.346
69.507
63.054
68.16
68.361
68.836
65.903
65.799
73.027
95.3
89.8
85.3
81.6
77.6
68.2
69.121
72.157
66.657
69.265
60.871
55.371
46.429
41.429
34.6
14.08
6.958
0.96463
0
0
0
0
0
0
0
0
0
0
0
0
0
0
0
0
0
0
0
0
0
0
0
0
0
0
0
0
0
0
0
0
0
0
0
0
0
0
0
0
0
0
0
0
0
0
0
0
0
0
0
0
0
5.0638
0
2.3088
3.8044
3.4521
5.5537
12.462
17.349
19.817
25.056
40.308
58.47
62.456
63.116
62.61
66.529
71.046
69.051
69.247
74.121
70.291
71.767
66.623
64.93
54.578
72.222
74.734
58.892
56.042
90.872
69.928
76.1
72.1
65.2
45.3
39.372
38.416
29.401
20.464
14.405
11.65
0.43834
0
0
0
0
0
0
0
0
0
0
0
0
0
0
0
0
0
0
0
0
0
0
0
0
0
0
0
0
0
0
0
0
0
0
0
0
0
0
0
0
0
0
0
0
0
0
0
0
0
0
0
0
0
0
0
0
0.42348
3.9586
4.8567
6.0053
11.329
17.972
21.321
24.827
26.158
48.399
56.734
62.682
57.841
63.718
58.391
61.061
59.516
59.047
67.655
59.449
52.792
74.757
69.931
92.945
93.065
89.445
87.445
84.445
81.179
74.886
70.035
63.365
56.05
58.05
30.796
26.01
22.038
14.86
8.689
4.631
0
0
0
0
0
0
0
0
0
0
0
0
0
0
0
0
0
0
0
0
0
0
0
0
0
0
0
0
0
0
0
0
0
0
0
0
0
0
0
0
0
0
0
0
0
0
0
0
0
0
0
0
0
0
1.987
0
2.2427
6.2851
12.094
15.563
18.787
27.225
42.113
53.061
59.714
65.558
70.198
72.133
73.648
75.707
80.305
79.474
79.402
84.028
79.078
75.195
58.335
60.185
73.083
74.198
78.867
71.592
74.454
75.565
61.821
72.821
74.6
67.6
58.85
57.35
51.1
46.2
37.035
33.865
11.513
3.863
3.448
0.025867
0.0081263
0
0
0
0
0
0
0
0
0
0
0
0
0
0
0
0
0
0
0
0
0
0
0
0
0
0
0
0
0
0
0
0
0
0
0
0
0
0
0
0
0
0
0
0
0
0
0
0
0
0
0
6.9705
0
0
0
0
0
0
0
0
0
0
0
0
0
0
0
0
0
0
0
0
0
0
0
0
0
0
0
0
0
0
0
0
0
0
0
0
0
0
0
0
0
0
0
0
0
0
0
0
0
0
0
0
0
0
0
0
0
0
0
0
0
0
0
