0
0
0
0
0
0
0
0
0
0
0
0
0
0
0
0
0
0
0
0
11.162
11.162
11.162
11.162
53.719
53.719
53.719
53.719
130.74
130.74
130.69
130.49
220.8
220.64
220.85
220.64
300.71
300.14
299.51
299.17
357.6
357.53
356.99
355.76
399.14
400.75
400.9
400.75
411.6
413.09
412.85
412.39
382.39
382.31
382.31
382.9
324.97
324.6
324.97
325.6
250.29
250.53
250.39
250.39
161.64
161.55
161.77
161.71
76.355
76.413
76.428
76.457
19.594
19.613
19.624
19.635
0.042979
0.043011
0.043027
0.043011
0
0
0
0
0
0
0
0
0
0
0
0
0
0
0
0
0
0
0
0
0
0
0
0
0
0
0
0
0
0
0
0
0
0
0
0
11.309
11.309
11.303
11.309
54.459
54.479
54.448
54.357
131.89
131.6
131.15
130.93
221.68
221.76
221.64
221.39
301.85
301.23
300.94
300.71
358.96
358.28
357.87
357.12
399.83
399.76
399.68
398.45
408.85
408.61
408.61
408.06
378.23
377.94
377.71
377.57
320.51
319.9
319.95
320.76
245.78
245.97
245.92
246.21
159.06
159.34
159.25
159.4
75.239
75.254
75.369
75.471
19.356
19.375
19.401
19.423
0.042515
0.04258
0.042646
0.042694
0
0
0
0
0
0
0
0
0
0
0
0
0
0
0
0
0
0
0
0
0
0
0
0
0
0
0
0
0
0
0
0
0
0
0
0
11.276
11.278
11.278
11.282
54.266
54.266
54.246
54.174
131.45
130.96
130.83
130.66
220.88
220.26
219.8
219.76
299.69
299
298.6
297.63
355.01
353.92
354.06
353.58
396.24
395.09
395.24
394.71
405.47
405.07
403.97
404.37
374.72
374.94
373.77
374.43
317.48
317.41
317.36
318.53
244.5
244.4
243.97
244.16
158.23
158.11
158.3
158.61
74.892
74.994
75.124
75.153
19.26
19.289
19.323
19.36
0.042426
0.042491
0.042548
0.042589
0
0
0
0
0
0
0
0
0
0
0
0
0
0
0
0
0
0
0
0
0
0
0
0
0
0
0
0
0
0
0
0
0
0
0
0
11.215
11.221
11.221
11.229
54.063
54.043
54.063
54.003
131.08
130.76
130.54
130.27
220.76
220.43
220.39
220.05
299.91
299.29
298.66
298.6
356.65
356.24
355.08
354.46
396.62
396.24
395.78
396.08
406.73
406.18
405.47
405.31
376.11
376.26
376.48
376.4
319.9
319.46
320.14
320.76
246.11
245.44
245.4
245.68
158.79
158.88
159
159.04
75.108
75.08
75.153
75.254
19.293
19.293
19.315
19.334
0.042337
0.042353
0.042401
0.042426
0
0
0
0
0
0
0
0
0
0
0
0
0
0
0
0
0
0
0
0
0
0
0
0
0
0
0
0
0
0
0
0
0
0
0
0
11.244
11.244
11.24
11.24
54.134
54.174
54.145
54.043
131.01
130.61
130.22
130.12
220.26
219.88
219.67
219.22
298.6
298.49
297.57
297.06
354.33
354.33
353.5
352.7
396.24
396.32
395.78
395.09
405.54
405.16
405.23
404.37
374.65
374.65
374.94
375.02
317.97
317.36
317.36
317.36
243.97
243.79
243.45
243.97
157.86
157.99
157.96
158.02
74.644
74.631
74.704
74.775
19.215
19.234
19.26
19.282
0.042223
0.04228
0.042312
0.042426
0
0
0
0
0
0
0
0
0
0
0
0
0
0
0
0
0
0
0
0
0
0
0
0
0
0
0
0
0
0
0
0
0
0
0
0
11.219
11.225
11.234
11.229
54.063
54.063
54.043
54.003
131.23
130.96
130.61
130.12
220.09
219.76
219.67
219.34
298.89
298.26
297.52
296.72
354.27
353.1
353.1
352.56
395.01
395.48
396.24
396.32
406.95
406.49
406.64
406.88
377.5
377.79
377.71
378.45
320.89
321.5
321.5
322.18
247.39
247.54
247.02
246.97
159.62
159.34
159.22
159.1
75.007
75.108
75.124
75.197
19.275
19.293
19.315
19.334
0.042344
0.042417
0.042442
0.042474
0
0
0
0
0
0
0
0
0
0
0
0
0
0
0
0
0
0
0
0
0
0
0
0
0
0
0
0
0
0
0
0
0
0
0
0
11.139
11.139
11.131
11.126
53.537
53.517
53.457
53.406
129.85
129.9
129.73
129.6
219.72
219.76
219.8
219.97
300.54
300.65
300.65
300.54
359.23
359.1
358.83
358.14
400.9
400.75
400.21
399.76
410.89
411.04
411.44
410.73
379.97
379.17
378.37
378.23
320.58
320.89
321.63
322.74
246.92
247.21
247.49
247.21
159.95
159.83
159.89
159.71
75.341
75.471
75.471
75.601
19.427
19.468
19.509
19.561
0.043011
0.043068
0.043085
0.043085
0
0
0
0
0
0
0
0
0
0
0
0
0
0
0
0
