0
0
0
0
0
0
0
0
0
0
0
0
0
0
0
2
0
0
0
0
0
0
0
0
0
0
0
2
10
20.144
50.144
43.684
54.316
85.144
108
138.8
125.34
116.72
186.72
221.6
285.2
257.2
240.11
238.83
222.74
170.32
251.68
217.26
320.32
375.09
357.09
240.14
192.08
223.92
189.86
322.66
334.66
177.31
177.14
145.06
158.62
170.26
149.74
174.74
183.37
213.37
177.28
146.32
160.2
140.2
117.2
93.34
73.46
62.856
63.172
43.172
27.172
22.2
16.2
8
2
0
0
0
0
0
0
0
0
2
0
0
0
0
0
0
0
0
0
0
0
0
0
0
0
0
0
0
0
0
2
0
0
0
0
0
0
0
0
0
0
0
3.456
11.456
24.2
44.2
53.572
61.488
89.144
90.856
91.656
136.43
127.94
117.94
255.66
294.43
295.06
322.06
331.4
341.4
359.6
372.4
377.8
385.8
391.2
390.4
401.08
399.08
399.08
395.2
400.06
391.06
387.23
365.23
373.38
365.38
351.38
341.46
329.6
311.46
296.14
278
258.4
236.54
217.46
194.8
171.2
149.2
123.74
96.66
76
55.2
36.456
23.544
12.884
8
4
2.716
0
0
0
0
2
0
0
0
0
0
0
0
0
0
0
0
0
0
0
0
0
0
0
0
2
0
0
0
0
0
0
0
0
0
0
0
0
0
0
0
4
8
22.8
46.688
67.796
87.516
118
140.88
160.88
185.46
211.94
227.94
252.88
276.46
294.46
313.94
323.94
341.2
354.23
366.23
349
363
341.52
375.6
355.6
365.6
369.68
375.37
355.37
354.4
387.2
381.2
359.2
341.2
326.4
310.4
272.8
276.48
288.63
266.63
277.06
243.48
221.48
185.72
165.72
138.4
125.74
98
70.204
47.796
41.46
32.94
20.716
14.716
6
2.856
0
0
0
0
0
0
0
0
0
0
0
0
0
0
2
0
0
0
0
0
0
0
0
0
0
0
0
0
0
0
0
0
0
0
2
0
0
0
0
0
0
5.372
17.372
45.6
66.4
82.8
113.2
136.8
164.4
183.6
201.6
224
250.52
272.52
286.52
305.2
318.8
346.8
352.8
357.66
364.34
376.4
388.4
387.86
387.86
404.54
380.54
394.4
364.4
351.6
313.2
376.4
382.4
308.51
296.29
363.49
279.71
304.4
288.4
260.8
181.2
157.49
231.54
195.54
153.46
128.86
117.77
73.772
52.4
49.6
41.516
33.796
26.688
22.884
12.884
4
2
0
0
0
0
0
0
0
0
0
0
0
0
0
0
0
0
0
2
0
0
0
0
0
0
0
0
0
0
0
0
0
0
0
0
0
0
0
0
0
4
8
22.66
42.8
64.484
76.484
114.52
120.52
147.68
180.43
206.57
224.57
248.74
271.6
285.2
305.2
301.2
318.06
330.86
351.57
341.57
359
335
339.06
335.68
333
363
322.11
295.49
379.78
363.78
371.78
372.26
357.78
349.78
337.78
324.72
299.54
280.14
253.46
224.2
232.2
189.2
168.4
162.86
127.97
103.97
83.972
56.4
54.4
41.6
31.6
19.428
13.428
7.428
3.428
0
0
0
0
0
0
0
0
0
0
0
0
0
0
0
2
0
0
0
0
0
0
0
0
0
0
0
0
0
0
0
0
0
0
0
2
0
0
0
0
2
9.316
15.316
43.46
63.112
79.112
109.32
125.32
155.71
176.4
206
223.4
239.4
271.32
283.32
295.32
317.46
335.46
351.52
363
371
372.4
383.2
379.2
379.2
396.6
378.6
365.2
300.29
305.31
353.6
366
381.6
350.4
362.4
302.26
247.28
291.28
298.4
270.4
235.4
229.4
204.4
184.8
148.14
135.46
107.2
72.8
71.076
55.076
51.076
33.6
20.912
10.688
4
0
0
0
0
0
0
0
0
0
0
0
0
0
2
0
0
0
0
0
0
0
0
0
0
0
0
0
0
0
0
0
0
0
2
0
0
0
0
0
0
0
4
12.8
28.94
30.66
48.8
92.676
134.68
84.676
48.4
49.2
45.86
76.652
118.69
131.74
152.74
182.74
146.74
287.8
231.8
315.71
277.09
225.2
213.49
218.43
178.43
214.43
267.34
290.52
272.08
338.08
322.06
331.94
238.4
204.83
228.83
184.83
230.83
216.17
206.17
166.17
170.17
156.08
172.14
132.14
113.38
113.38
147.38
115.49
90.94
47.06
24.4
28.2
12.2
1.428
1.428
0
0
0
0
0
0
0
0
0
0
0
0
0
0
0
