0
0
0
0
0
0
0
0
0
0
0
0
0
0
0
0
0
0
0
0
0
0
0
0
0
0
0
0
0
3.1281
3.1281
3.1355
3.1355
52.618
58.267
68.479
85.945
100.29
112.29
135.3
158.56
158.56
158.56
158.56
158.56
158.56
158.56
158.56
158.56
158.56
158.56
158.56
158.56
158.56
158.56
158.56
158.56
158.56
158.56
158.56
158.56
158.56
158.56
158.56
158.56
158.56
158.56
158.56
158.56
158.56
158.56
158.56
158.56
158.56
158.56
158.56
158.56
158.56
158.56
158.56
158.56
143.73
127.66
111.59
95.816
80.839
66.036
51.811
38.685
29.036
20.552
12.189
4.3481
0.25698
0.25698
0.25698
0.25698
0.25698
0.25698
0.25698
0.25698
0.25698
0.25698
0.25698
0.25698
0.25698
0.25698
0.25698
0.25698
0.25698
0.25698
0.25698
0.25698
0.25698
0.25698
0.25698
0.25698
2.9995
5.742
8.4829
10.34
16.202
16.202
16.202
16.202
15.6
15.058
14.523
14.51
17.28
20.43
22.89
35.009
45.428
54.496
78.735
102.97
127.21
151.45
175.69
195.7
199.79
199.91
199.91
199.92
199.93
199.94
199.95
199.97
199.98
199.99
200
200
200
200
200
200
200
200
200
200
200
200
200
200
200
200
200
200
200
200
199.19
194.09
184.2
171.78
157.94
143.07
127.04
117.34
107.64
97.94
88.24
72.985
58.809
47.693
38.258
28.362
18.491
10.671
4.0804
2.0027
0.9758
0.9758
0.9758
0.9758
0.9758
0.9758
0.9758
0.9758
0.9758
0.9758
0.9758
0.9758
0.9758
0.9758
0.9758
0.9758
0.9758
0.9758
0.9758
0.9758
0.9758
0.9758
3.7101
6.445
8.983
10.668
15.746
15.746
15.746
15.746
14.196
13.577
13.541
13.661
17.644
25.002
35.756
50.941
71.908
94.268
117.9
142.14
164.77
186.78
198.24
199.93
199.98
199.98
199.98
199.98
199.98
199.98
199.98
199.98
199.98
199.98
199.98
199.98
199.98
199.98
199.98
199.98
199.98
199.98
199.98
199.98
199.98
199.98
199.98
199.98
199.98
199.98
199.98
199.98
199.98
199.98
199.57
195.37
189.11
181.06
170.79
157.65
143.08
133.38
123.68
113.98
104.28
89.565
75.057
60.612
49.677
40.189
30.583
21.375
13.963
6.4981
4.5366
3.6254
2.81
1.9768
1.0737
0.21077
0.21077
0.21077
0.21077
0.21077
0.21077
0.21077
0.21077
0.21077
0.21077
0.21077
0.21077
0.21077
0.21077
0.21077
0.21077
0.21077
2.9303
5.6514
8.3725
10.253
16.456
16.456
16.456
16.456
14.943
14.504
14.354
15.503
18.7
25.607
39.249
52.87
70.759
92.192
115.67
139.9
163.14
185.16
195.7
198.81
199.96
200
200
200
200
200
200
200
200
200
200
200
200
200
200
200
200
200
200
200
200
200
200
200
200
200
200
200
200
199.16
194.63
188.97
182.32
173.32
163.4
152.56
139.56
124.19
108.17
93.083
82.253
72.553
62.853
53.153
43.453
33.184
23.546
15.668
8.2982
4.3322
2.6586
1.7304
0.89566
0.89566
0.89566
0.89566
0.89566
0.89566
0.89566
0.89566
0.89566
0.89566
0.89566
0.89566
0.89566
0.89566
0.89566
0.89566
0.89566
0.89566
0.89566
0.89566
3.6224
6.3491
9.0748
10.782
15.869
15.869
15.869
15.869
15.869
15.869
15.869
16.115
17.41
18.622
25.806
38.619
56.758
77.637
100.23
124.47
148.71
172.95
194.46
199.83
200
200
200
200
200
200
200
200
200
200
200
200
200
200
200
200
200
200
200
200
200
200
200
200
200
200
200
200
200
200
196.95
194.4
189.14
180.91
169.96
157.74
143.24
133.54
123.84
114.14
104.44
89.81
75.351
61.362
48.715
38.882
29.371
20.997
13.901
6.5562
4.8519
3.9676
3.1233
2.3481
1.5295
0.71919
0.71919
0.71919
0.71919
0.71919
0.71919
0.71919
0.71919
0.71919
0.71919
0.71919
0.71919
0.71919
0.71919
0.71919
0.71919
0.71919
0.71919
0.71919
0.71919
0.71919
0.71919
0.71919
0.71919
0.71919
0.71919
0.71919
2.6311
8.2415
30.451
44.949
64.99
87.554
110.75
134.29
157.99
181.8
194.61
198.14
199.93
199.98
199.98
199.98
199.98
199.98
199.98
199.98
199.98
199.98
199.98
199.98
199.98
199.98
199.98
199.98
199.98
199.98
199.98
199.98
199.98
199.98
199.98
199.98
199.98
199.98
199.98
199.98
199.98
199.98
199.98
199.98
199.98
199.98
199.43
193.96
184.9
173.18
159.04
143.66
128.22
112.76
97.73
88.03
78.33
68.63
58.93
45.476
34.604
27.344
20.346
13.153
9.0975
7.6951
6.8684
6.052
5.2096
4.3673
3.5467
2.7209
1.8817
1.0157
0.17347
0.17347
0.17347
0.17347
0.17347
0.17347
0.17347
0.17347
0.17347
0.17347
0.17347
0.17347
0.17347
0.17347
0.17347
0.17347
0.17347
0.17347
0.17347
0.17347
0.17347
0.17347
0.17347
7.9994
30.734
34.756
34.756
34.756
34.756
37.836
49.779
64.259
64.259
64.259
64.259
64.259
64.259
64.259
64.259
64.259
64.259
64.259
64.259
64.259
64.259
64.259
64.259
64.259
64.259
64.259
64.259
64.259
64.259
64.259
64.259
64.259
64.259
64.259
64.259
64.259
64.259
64.259
64.259
64.259
64.259
64.259
64.259
64.259
64.26
64.262
64.263
64.264
51.815
46.708
46.708
46.708
46.708
46.708
46.708
46.708
46.708
37.008
27.308
17.608
6.3821
1.01
0.098179
0.098179
