0
0
0
0
0
0
0
0
0
0
0
0
0
0
0
2
0
0
0
0
0
0
0
0
0
0
0
2
1.6199
16.078
46.543
43.684
54.316
15.463
16.472
16.694
16.541
16.812
17.726
16.697
0
0
0
0
0
0
0
0
0
0
0
0
0
0
0
0
0
0
0
0
0
0
0
0
0
0
0
0
0
0
0
0
0
0
0
0
27.172
22.2
16.2
8
2
0
0
0
0
0
0
0
0
2
0
0
0
0
0
0
0
0
0
0
0
0
0
0
0
0
0
0
0
0
0
0
0
0
0
0
0
0
0
0
0
0
3.456
11.456
24.2
44.2
53.572
61.488
17.531
19.466
25.145
21.613
21.245
20.138
21.183
23.292
23.188
21.861
22.316
22.735
21.986
21.67
22.108
20.62
22.019
20.884
20.384
20.254
20.155
21.394
19.963
19.304
19.281
0
0
0
0
0
0
0
0
0
0
0
18.528
18.513
17.831
18.888
20.142
19.775
52.728
55.2
36.456
23.544
12.884
8
4
2.716
0
0
0
0
2
0
0
0
0
0
0
0
0
0
0
0
0
0
0
0
0
0
0
0
2
0
0
0
0
0
0
0
0
0
0
0
0
0
0
0
4
8
22.8
46.688
67.796
61.001
26.941
27.383
27.359
27.227
26.474
26.236
29.012
29.215
28.085
28.412
29.239
27.376
26.248
26.62
26.383
25.191
24.033
24.393
25.846
23.24
24.06
25.007
22.94
22.801
23.773
0
0
0
0
0
0
0
0
0
0
0
0
0
0
0
17.355
17.542
42.165
47.796
41.46
32.94
20.716
14.716
6
2.856
0
0
0
0
0
0
0
0
0
0
0
0
0
0
2
0
0
0
0
0
0
0
0
0
0
0
0
0
0
0
0
0
0
0
0
0
0
0
0
0
0
5.372
17.372
45.6
66.4
61.994
29.732
27.079
24.727
28.053
28.506
28.351
25.965
25.793
27.852
28.548
28.523
25.025
24.553
26.262
28.475
27.571
26.054
27.913
27.717
27.015
24.845
26.833
24.477
22.97
23.722
21.878
20.866
18.236
18.03
0
0
0
0
0
0
0
19.469
19.484
17.901
17.809
17.793
33.553
52.4
49.6
41.516
33.796
26.688
22.884
12.884
4
2
0
0
0
0
0
0
0
0
0
0
0
0
0
0
0
0
0
2
0
0
0
0
0
0
0
0
0
0
0
0
0
0
0
0
0
0
0
0
0
4
8
22.66
42.8
64.484
60.74
90.42
74.374
29.092
27.939
28.086
28.613
27.565
24.939
24.99
26.484
26.967
25.573
25.814
25.206
27.552
26.032
25.359
23.704
24.405
24.203
23.095
21.079
21.08
20.188
21.014
0
0
0
0
0
0
0
0
0
0
0
16.504
16.09
18.676
17.133
17.304
16.362
56.4
51.126
41.6
31.6
19.428
13.428
7.428
3.428
0
0
0
0
0
0
0
0
0
0
0
0
0
0
0
2
0
0
0
0
0
0
0
0
0
0
0
0
0
0
0
0
0
0
0
2
0
0
0
0
2
9.316
14.001
43.46
13.807
13.994
14.138
16.383
16.024
14.553
15.494
16.021
16.626
16.064
15.504
17.135
17.806
18.251
17.679
18.617
19.102
17.393
15.495
15.326
15.398
15.122
15.572
16.105
16.737
16.143
15.317
17.302
16.533
16.008
16.146
0
0
0
0
0
0
0
0
0
0
0
15.287
14.337
14.321
47.782
48.043
33.6
20.912
10.688
4
0
0
0
0
0
0
0
0
0
0
0
0
0
2
0
0
0
0
0
0
0
0
0
0
0
0
0
0
0
0
0
0
0
2
0
0
0
0
0
0
0
4
12.8
16.317
30.66
48.8
15.101
16.495
17.022
48.4
49.2
45.86
15.988
17.36
18.007
0
0
0
0
0
0
0
0
0
0
0
0
0
0
0
0
0
0
0
0
0
0
0
0
0
0
0
0
0
0
0
0
0
0
0
0
24.4
28.2
12.2
1.428
1.428
0
0
0
0
0
0
0
0
0
0
0
0
0
0
0
